p1
10 10 -100 1
0 40 0
30 10 30
30 20 -30
-30 -20 -30
-30 -10 30
0.3 3 0 2 1
0.3 3 0 3 2
0.3 3 0 4 3
0.3 3 0 1 4
0.3 4 1 2 3 4
-0.3
tank1
20 30 -50 1
-30 50 -90
 30 50 -90
 20 20  40
-20 20  40
-20 20 -80
 20 20 -80
-20 60 -50
 20 60 -50
-25 50 -30
 25 50 -30
-40 30 -100
-30 10 100
-70 0 -30
-70 0 -80
40 30 -100
70 0 -80
70 0 -30
30 10 100
0 70 -70
0 70 20
0 90 -100
0.3 3 2 9 1
0.3 3 2 1 5
0.3 3 1 0 4
0.3 3 1 4 5
0.3 3 0 8 3
0.3 3 0 3 4
0.3 3 2 3 8
0.3 3 2 8 9
0.3 3 6 7 9
0.3 3 6 9 8
0.3 3 0 1 7
0.3 3 0 7 6
0.3 3 0 6 8
0.3 3 1 9 7
0.3 3 10 11 12
0.3 3 10 12 13
0.3 3 14 15 16
0.3 3 14 16 17
0.3 3 20 19 18
-0.3
cube1
30 20 10 1
 50  50 50
-50  50 50
-50  50 -50
 50  50 -50
 50 -50 50
-50 -50 50
-50 -50 -50
 50 -50 -50
0.3 3 2 1 0 
0.3 3 3 2 0
0.3 3 4 7 0 
0.3 3 7 3 0
0.3 3 6 7 4 
0.3 3 5 6 4
0.3 3 2 6 1 
0.3 3 6 5 1
0.3 3 7 6 3 
0.3 3 6 2 3
0.3 3 5 4 0 
0.3 3 1 5 0 
-0.33